accuracy_9000 = 0.4306246545052515
loss_9000 = 0.0938557575292447
macro_f1_9000 = 0.4818360302081221
macro_precision_9000 = 0.5312525783427661
macro_recall_9000 = 0.5040067022040192
micro_f1_9000 = 0.573526038082129
micro_precision_9000 = 0.555720213396562
micro_recall_9000 = 0.5925106651919735
weighted_f1_9000 = 0.5726199303371484
weighted_precision_9000 = 0.571265155230022
weighted_recall_9000 = 0.5925106651919735
