accuracy_9000 = 0.5726920950801547
loss_9000 = 0.46331485667649436
macro_f1_9000 = 0.6712446347353271
macro_precision_9000 = 0.628756820154217
macro_recall_9000 = 0.7214626313600065
micro_f1_9000 = 0.6973186246879781
micro_precision_9000 = 0.657155865837001
micro_recall_9000 = 0.7427101200686106
weighted_f1_9000 = 0.6976434550739439
weighted_precision_9000 = 0.6586615430684571
weighted_recall_9000 = 0.7427101200686106
